0.979337
0.951282
0.921053
0.886943
0.852368
0.820672
0.794062
0.773517
0.759046
0.750049
0.745632
0.744835
0.746764
0.750654
0.755888
0.761989
0.768600
0.775465
0.782402
0.789289
0.796045
0.802622
0.808992
0.815143
0.821072
0.826781
0.832278
0.837572
0.842672
0.847589
0.852331
0.856909
0.861329
0.865601
0.869731
0.873725
0.877589
0.881329
0.884950
0.888455
0.891850
0.895138
0.898323
0.901409
0.904399
0.907296
0.910104
0.912825
0.915463
0.918020
0.920498
0.922901
0.925231
0.927491
0.929682
0.931806
0.933867
0.935866
0.937805
0.939686
0.941510
0.943281
0.944998
0.946665
0.948282
0.949851
0.951374
0.952851
0.954286
0.955678
0.957029
0.958340
0.959613
0.960848
0.962048
0.963212
0.964343
0.965440
0.966505
0.967539
0.968543
0.969518
0.970465
0.971384
0.972276
0.973142
0.973984
0.974801
0.975594
0.976364
0.977112
0.977838
0.978543
0.979228
0.979893
0.980539
0.981166
0.981775
0.982366
0.982940
0.983498
0.984039
0.984565
0.985076
0.985572
0.986053
0.986521
0.986975
0.987416
0.987844
0.988260
0.988664
0.989056
0.989437
0.989806
0.990165
0.990514
0.990853
0.991181
0.991501
0.991810
0.992111
0.992404
0.992687
0.992963
0.993230
0.993490
0.993742
0.993987
0.994225
0.994455
0.994679
0.994897
0.995108
0.995313
0.995512
0.995705
0.995893
0.996075
0.996251
0.996423
0.996589
0.996751
0.996908
0.997060
0.997208
0.997351
0.997490
0.997625
0.997756
0.997884
0.998007
0.998127
0.998243
0.998356
0.998465
0.998571
0.998675
0.998775
0.998871
0.998966
0.999057
0.999145
0.999231
0.999315
0.999396
0.999474
0.999550
0.999624
0.999695
0.999765
0.999832
0.999897
0.999961
1.000022
1.000082
1.000139
1.000195
1.000250
1.000302
1.000353
1.000403
1.000451
1.000497
1.000542
1.000586
1.000628
1.000669
1.000709
1.000747
1.000785
1.000821
1.000856
1.000890
1.000923
1.000955
1.000985
1.001015
1.001044
1.001072
1.001099
1.001126
1.001151
1.001176
1.001200
1.001223
1.001245
1.001267
1.001288
1.001308
1.001328
1.001347
1.001366
1.001383
1.001401
1.001417
1.001433
1.001449
1.001464
1.001479
1.001493
1.001507
1.001520
1.001533
1.001545
1.001557
1.001569
1.001580
